김밥 33 8 4 197
떡볶이 21 0 0 84
비빔밥 92 26 14 599
쫄면 43 5 2 211
김치찌개 12 15 15 243
된장찌개 7 18 2 235
고등어구이 7 14 40 315
돼지고기김치찜 41 27 22 470
육개장 9 11 16 329
순두부찌개 14 15 10 205
청국장 21 23 15 296
밥 65 6 1 300
잡곡밥 72 12 2 352
현미밥 55 8 27 492
소주 0 0 0 630
막걸리 0 0 0 410
잔치국수 62 22 11 441
비빔국수 117 0 4 550
팥빙수 38 23 10 334
식혜 17 0 0 70
곶감 0 0 0 110
약과 21 1 4 128
귤 9 1 0 37
짜장면 134 20 20 797
짬뽕 77 12 18 520
탕수육 52 20 18 457
깐풍기 19 13 19 294
볶음밥 43 6 9 280
짜장밥 120 15 22 742
칼국수 51 7 2 245
갈비찜 12 21 20 317
배추김치 2 1 0 10
오징어볶음 13 19 7 188
호박전 59 15 4 397
육회 14 22 9 230
닭볶음탕 9 26 9 230
제육볶음 31 40 33 572
콩나물국 0 0 0 90
두부조림 3 6 4 69
잡채 43 8 11 285
소불고기 0 57 21 489
돼지불고기 9 27 7 205
고추잡채 12 21 14 270
마파두부 18 19 14 275
라조기 26 21 23 399
양장피 19 16 10 230
울면 20 50 150 425
새우볶음밥 91 12 8 480
해파리냉채 18 24 12 269
팔보채 0 30 26 406
빼빼로 10 1 2 62
붕어빵 17 0 5 113
단팥빵 50 8 6 286
소프트아이스크림 73 13 1 355
꿀떡 49 4 1 218
호떡 36 3 2 172
쿠키 35 4 10 245
콜라 23 0 0 92
군만두 10 7 0 65
참치캔 28 0 7 190
치즈케이크 17 21 8 221
라멘 74 15 11 455
스시 82 15 6 455
초밥 3 24 1 120
우동 75 11 2 360
소바 81 20 1 416
샤브샤브 31 36 51 663
타코야끼 5 1 1 28
오코노미야끼 51 12 24 465
규동 35 4 9 235
오니기리 35 5 1 170
카레 32 4 5 192
사케 70 28 15 500
밀푀유나베 52 51 13 529
오뎅 0 10 0 140
새우튀김 26 9 18 301
감자튀김 3 1 0 15
가츠동 45 39 34 650
장어덮밥 97 30 23 717
돈까스 25 13 3 180 
연어덮밥 71 29 24 574
스테이크 3 5 5 75
와인 0 0 0 600
맥주 20 0 0 170
스프 15 5 5 110
파스타 60 15 10 350
스파게티 72 16 10 445
피자 36 8 4 215
핫도그 37 10 14 315
햄버거 18 4 22 310
샐러드 6 1 0 27
케밥 56 23 12 433
바베큐 9 16 14 239
소세지 3 11 26 235
브리또 52 15 13 388
샌드위치 16 2 7 135
치킨 106 101 122 1930
해쉬브라운 0 3 20 320
리조또 67 8 15 435
베이컨 1 37 42 540
햄 12 15 2 200
이재하 100 100 100 100
이재하 100 100 100 100
이재하 100 100 100 100
이재하 100 100 100 100
이재하 100 100 100 100